0 8
13 23
42 51
55 60
72 76
112 117
124 129
133 136
144 150
155 159
162 164
180 184
213 217
227 235
249 253
265 270
282 290
300 307
330 338
343 351
366 370
394 398
425 430
438 441
517 519
524 531
535 542
562 565
587 590
604 608
639 651
673 676
689 696
709 713
728 736
745 749
760 763
767 771
791 796
805 808
815 817
821 826
834 838
843 855
863 873
882 891
925 928
938 944
950 955
971 978
996 999
1005 1009
1012 1018
1030 1034
1045 1051
1064 1069
1080 1083
1108 1111
1132 1137
1152 1156
1172 1176
1184 1191
1209 1214
1232 1238
1260 1264
1277 1282
1296 1301
1313 1317
1329 1335
1350 1355
1377 1380
1387 1392
1420 1426
1442 1447
1457 1461
1465 1470
1515 1524
1536 1540
1567 1572
1578 1580
1608 1613
1615 1618
1626 1631
1639 1644
1654 1659
1669 1674
1682 1685
1689 1693
1706 1713
1719 1724
1731 1735
1745 1750
1769 1776
1797 1806